# ===File generated by myModules.saveDict===
# Date: 2019-06-25 12:21:57.988344
# Obs.: 
#H z(mm), Bz(G)
-35.0, 43.5
-34.93493493493494, 43.522772772772775
-34.869869869869866, 43.545545545545544
-34.8048048048048, 43.56831831831832
-34.73973973973974, 43.591091091091094
-34.67467467467468, 43.61386386386386
-34.609609609609606, 43.63663663663664
-34.54454454454454, 43.65940940940941
-34.47947947947948, 43.68218218218218
-34.414414414414416, 43.70495495495496
-34.349349349349346, 43.72772772772773
-34.28428428428428, 43.7505005005005
-34.21921921921922, 43.773273273273276
-34.154154154154156, 43.796046046046044
-34.089089089089086, 43.81881881881882
-34.02402402402402, 43.841591591591595
-33.95895895895896, 43.86436436436436
-33.893893893893896, 43.88713713713714
-33.828828828828826, 43.90990990990991
-33.76376376376376, 43.93268268268268
-33.6986986986987, 43.95545545545546
-33.633633633633636, 43.978228228228225
-33.568568568568566, 44.001001001001
-33.5035035035035, 44.023773773773776
-33.43843843843844, 44.046546546546544
-33.373373373373376, 44.06931931931932
-33.308308308308305, 44.092092092092095
-33.24324324324324, 44.11486486486486
-33.17817817817818, 44.13763763763764
-33.113113113113116, 44.16041041041041
-33.048048048048045, 44.18318318318318
-32.98298298298298, 44.20595595595596
-32.91791791791792, 44.228728728728726
-32.852852852852855, 44.2515015015015
-32.787787787787785, 44.274274274274276
-32.72272272272272, 44.297047047047045
-32.65765765765766, 44.31981981981982
-32.592592592592595, 44.342592592592595
-32.527527527527525, 44.36536536536536
-32.46246246246246, 44.38813813813814
-32.3973973973974, 44.41091091091091
-32.332332332332335, 44.43368368368368
-32.267267267267265, 44.45645645645646
-32.2022022022022, 44.479229229229226
-32.13713713713714, 44.502002002002
-32.072072072072075, 44.52477477477478
-32.007007007007005, 44.54754754754755
-31.94194194194194, 44.57032032032032
-31.876876876876878, 44.593093093093096
-31.81181181181181, 44.615865865865864
-31.746746746746748, 44.63863863863864
-31.68168168168168, 44.661411411411414
-31.616616616616618, 44.68418418418418
-31.55155155155155, 44.70695695695696
-31.486486486486488, 44.729729729729726
-31.42142142142142, 44.7525025025025
-31.356356356356358, 44.77527527527528
-31.29129129129129, 44.798048048048045
-31.226226226226224, 44.82082082082082
-31.16116116116116, 44.843593593593596
-31.096096096096097, 44.866366366366364
-31.03103103103103, 44.88913913913914
-30.965965965965964, 44.911911911911915
-30.9009009009009, 44.93468468468468
-30.835835835835837, 44.95745745745746
-30.77077077077077, 44.980230230230234
-30.705705705705704, 45.003003003003
-30.64064064064064, 45.02577577577578
-30.575575575575577, 45.048548548548546
-30.51051051051051, 45.07132132132132
-30.445445445445444, 45.094094094094096
-30.38038038038038, 45.116866866866864
-30.315315315315317, 45.13963963963964
-30.25025025025025, 45.162412412412415
-30.185185185185183, 45.18518518518518
-30.12012012012012, 45.20795795795796
-30.055055055055057, 45.23073073073073
-29.98998998998999, 45.2535035035035
-29.924924924924923, 45.27627627627628
-29.85985985985986, 45.299049049049046
-29.794794794794797, 45.32182182182182
-29.72972972972973, 45.3445945945946
-29.664664664664663, 45.367367367367365
-29.5995995995996, 45.39014014014014
-29.534534534534533, 45.412912912912915
-29.46946946946947, 45.435685685685684
-29.404404404404403, 45.45845845845846
-29.33933933933934, 45.481231231231234
-29.274274274274273, 45.504004004004
-29.20920920920921, 45.52677677677678
-29.144144144144143, 45.54954954954955
-29.07907907907908, 45.57232232232232
-29.014014014014013, 45.5950950950951
-28.94894894894895, 45.617867867867865
-28.883883883883883, 45.64064064064064
-28.81881881881882, 45.663413413413416
-28.753753753753752, 45.686186186186184
-28.68868868868869, 45.70895895895896
-28.623623623623622, 45.731731731731735
-28.55855855855856, 45.7545045045045
-28.493493493493492, 45.77727727727728
-28.42842842842843, 45.80005005005005
-28.363363363363362, 45.82282282282282
-28.2982982982983, 45.8455955955956
-28.233233233233232, 45.868368368368365
-28.16816816816817, 45.89114114114114
-28.103103103103102, 45.913913913913916
-28.03803803803804, 45.936686686686684
-27.972972972972972, 45.95945945945946
-27.90790790790791, 45.982232232232235
-27.842842842842842, 46.005005005005
-27.77777777777778, 46.02777777777778
-27.71271271271271, 46.050550550550554
-27.647647647647645, 46.07332332332332
-27.58258258258258, 46.0960960960961
-27.51751751751752, 46.118868868868866
-27.45245245245245, 46.14164164164164
-27.387387387387385, 46.164414414414416
-27.32232232232232, 46.187187187187185
-27.25725725725726, 46.20995995995996
-27.19219219219219, 46.232732732732735
-27.127127127127125, 46.2555055055055
-27.06206206206206, 46.27827827827828
-26.996996996996998, 46.30105105105105
-26.93193193193193, 46.32382382382382
-26.866866866866864, 46.3465965965966
-26.8018018018018, 46.369369369369366
-26.736736736736738, 46.39214214214214
-26.67167167167167, 46.41491491491492
-26.606606606606604, 46.437687687687685
-26.54154154154154, 46.46046046046046
-26.476476476476478, 46.483233233233236
-26.41141141141141, 46.506006006006004
-26.346346346346344, 46.52877877877878
-26.28128128128128, 46.551551551551555
-26.216216216216218, 46.57432432432432
-26.15115115115115, 46.5970970970971
-26.086086086086084, 46.61986986986987
-26.02102102102102, 46.64264264264264
-25.955955955955957, 46.66541541541542
-25.89089089089089, 46.688188188188185
-25.825825825825824, 46.71096096096096
-25.76076076076076, 46.733733733733736
-25.695695695695697, 46.756506506506504
-25.63063063063063, 46.77927927927928
-25.565565565565564, 46.802052052052055
-25.5005005005005, 46.82482482482482
-25.435435435435437, 46.8475975975976
-25.37037037037037, 46.87037037037037
-25.305305305305303, 46.89314314314314
-25.24024024024024, 46.91591591591592
-25.175175175175177, 46.938688688688686
-25.11011011011011, 46.96146146146146
-25.045045045045043, 46.984234234234236
-24.97997997997998, 46.973973973973976
-24.914914914914917, 46.88938938938939
-24.84984984984985, 46.8048048048048
-24.784784784784783, 46.72022022022022
-24.71971971971972, 46.63563563563564
-24.654654654654657, 46.551051051051054
-24.58958958958959, 46.466466466466464
-24.524524524524523, 46.38188188188188
-24.45945945945946, 46.2972972972973
-24.394394394394393, 46.21271271271271
-24.329329329329326, 46.128128128128125
-24.264264264264263, 46.04354354354354
-24.1991991991992, 45.95895895895896
-24.134134134134133, 45.87437437437437
-24.069069069069066, 45.789789789789786
-24.004004004004003, 45.7052052052052
-23.93893893893894, 45.62062062062062
-23.873873873873872, 45.53603603603604
-23.808808808808806, 45.45145145145145
-23.743743743743742, 45.366866866866864
-23.67867867867868, 45.28228228228228
-23.613613613613612, 45.1976976976977
-23.548548548548546, 45.11311311311311
-23.483483483483482, 45.028528528528525
-23.41841841841842, 44.94394394394394
-23.353353353353352, 44.85935935935936
-23.288288288288285, 44.77477477477477
-23.223223223223222, 44.69019019019019
-23.15815815815816, 44.605605605605604
-23.093093093093092, 44.52102102102102
-23.028028028028025, 44.43643643643643
-22.962962962962962, 44.35185185185185
-22.8978978978979, 44.26726726726727
-22.832832832832832, 44.18268268268268
-22.767767767767765, 44.09809809809809
-22.7027027027027, 44.013513513513516
-22.63763763763764, 43.92892892892893
-22.57257257257257, 43.84434434434434
-22.507507507507505, 43.75975975975976
-22.44244244244244, 43.67517517517518
-22.37737737737738, 43.590590590590594
-22.31231231231231, 43.506006006006004
-22.247247247247245, 43.42142142142142
-22.18218218218218, 43.33683683683684
-22.117117117117118, 43.252252252252255
-22.05205205205205, 43.167667667667665
-21.986986986986985, 43.08308308308308
-21.92192192192192, 42.9984984984985
-21.856856856856858, 42.913913913913916
-21.79179179179179, 42.829329329329326
-21.726726726726724, 42.74474474474474
-21.66166166166166, 42.66016016016016
-21.596596596596598, 42.57557557557558
-21.53153153153153, 42.49099099099099
-21.466466466466464, 42.406406406406404
-21.4014014014014, 42.32182182182182
-21.336336336336338, 42.23723723723724
-21.27127127127127, 42.15265265265265
-21.206206206206204, 42.068068068068065
-21.14114114114114, 41.98348348348348
-21.076076076076077, 41.8988988988989
-21.01101101101101, 41.814314314314316
-20.945945945945944, 41.729729729729726
-20.88088088088088, 41.64514514514514
-20.815815815815817, 41.56056056056056
-20.75075075075075, 41.47597597597598
-20.685685685685684, 41.39139139139139
-20.62062062062062, 41.306806806806804
-20.555555555555557, 41.22222222222222
-20.49049049049049, 41.13763763763764
-20.425425425425423, 41.05305305305305
-20.36036036036036, 40.968468468468465
-20.295295295295293, 40.88388388388388
-20.230230230230227, 40.79929929929929
-20.165165165165163, 40.71471471471471
-20.1001001001001, 40.63013013013013
-20.035035035035033, 40.545545545545544
-19.969969969969966, 40.4129129129129
-19.904904904904903, 40.224224224224216
-19.83983983983984, 40.03553553553554
-19.774774774774773, 39.846846846846844
-19.709709709709706, 39.658158158158145
-19.644644644644643, 39.469469469469466
-19.57957957957958, 39.28078078078078
-19.514514514514513, 39.09209209209209
-19.449449449449446, 38.903403403403395
-19.384384384384383, 38.71471471471471
-19.31931931931932, 38.526026026026024
-19.254254254254253, 38.33733733733733
-19.189189189189186, 38.14864864864864
-19.124124124124123, 37.95995995995995
-19.05905905905906, 37.771271271271274
-18.993993993993993, 37.58258258258258
-18.92892892892893, 37.393893893893896
-18.863863863863862, 37.2052052052052
-18.7987987987988, 37.01651651651652
-18.733733733733732, 36.827827827827825
-18.66866866866867, 36.63913913913914
-18.603603603603602, 36.45045045045045
-18.53853853853854, 36.26176176176176
-18.473473473473472, 36.07307307307307
-18.40840840840841, 35.88438438438439
-18.343343343343342, 35.69569569569569
-18.278278278278275, 35.507007007007
-18.213213213213212, 35.31831831831832
-18.148148148148145, 35.12962962962962
-18.083083083083082, 34.94094094094094
-18.018018018018015, 34.75225225225225
-17.952952952952952, 34.56356356356356
-17.887887887887885, 34.37487487487487
-17.822822822822822, 34.186186186186184
-17.757757757757755, 33.99749749749749
-17.69269269269269, 33.808808808808806
-17.627627627627625, 33.62012012012011
-17.56256256256256, 33.43143143143143
-17.497497497497495, 33.242742742742735
-17.43243243243243, 33.05405405405405
-17.367367367367365, 32.865365365365356
-17.3023023023023, 32.67667667667668
-17.237237237237235, 32.48798798798798
-17.17217217217217, 32.2992992992993
-17.107107107107105, 32.11061061061061
-17.04204204204204, 31.92192192192192
-16.976976976976974, 31.73323323323323
-16.91191191191191, 31.544544544544543
-16.846846846846844, 31.35585585585585
-16.78178178178178, 31.167167167167165
-16.716716716716714, 30.978478478478472
-16.65165165165165, 30.789789789789786
-16.586586586586584, 30.601101101101094
-16.52152152152152, 30.41241241241241
-16.456456456456454, 30.223723723723715
-16.39139139139139, 30.035035035035033
-16.326326326326324, 29.84634634634634
-16.26126126126126, 29.65765765765766
-16.196196196196194, 29.468968968968962
-16.13113113113113, 29.28028028028028
-16.066066066066064, 29.091591591591587
-16.001001001001, 28.902902902902902
-15.935935935935934, 28.71421421421421
-15.87087087087087, 28.525525525525524
-15.805805805805804, 28.33683683683683
-15.74074074074074, 28.148148148148145
-15.675675675675674, 27.959459459459453
-15.61061061061061, 27.77077077077077
-15.545545545545544, 27.582082082082074
-15.48048048048048, 27.393393393393396
-15.415415415415413, 27.2047047047047
-15.35035035035035, 27.016016016016017
-15.285285285285283, 26.827327327327325
-15.22022022022022, 26.63863863863864
-15.155155155155153, 26.449949949949946
-15.09009009009009, 26.26126126126126
-15.025025025025023, 26.072572572572568
-14.95995995995996, 25.93093093093093
-14.894894894894893, 25.818693693693692
-14.82982982982983, 25.706456456456458
-14.764764764764763, 25.594219219219216
-14.6996996996997, 25.48198198198198
-14.634634634634633, 25.369744744744743
-14.56956956956957, 25.25750750750751
-14.504504504504503, 25.145270270270267
-14.43943943943944, 25.033033033033032
-14.374374374374373, 24.920795795795794
-14.30930930930931, 24.80855855855856
-14.244244244244243, 24.69632132132132
-14.17917917917918, 24.584084084084086
-14.114114114114113, 24.471846846846844
-14.049049049049046, 24.359609609609606
-13.983983983983983, 24.24737237237237
-13.918918918918916, 24.13513513513513
-13.853853853853852, 24.022897897897895
-13.788788788788786, 23.910660660660657
-13.723723723723722, 23.798423423423422
-13.658658658658656, 23.68618618618618
-13.593593593593592, 23.573948948948946
-13.528528528528525, 23.461711711711708
-13.463463463463462, 23.349474474474473
-13.398398398398395, 23.23723723723723
-13.333333333333332, 23.125
-13.268268268268265, 23.01276276276276
-13.203203203203202, 22.900525525525524
-13.138138138138135, 22.788288288288285
-13.073073073073072, 22.67605105105105
-13.008008008008005, 22.56381381381381
-12.942942942942942, 22.451576576576574
-12.877877877877875, 22.339339339339336
-12.812812812812812, 22.2271021021021
-12.747747747747745, 22.11486486486486
-12.682682682682682, 22.002627627627625
-12.617617617617615, 21.890390390390387
-12.552552552552552, 21.778153153153152
-12.487487487487485, 21.66591591591591
-12.422422422422422, 21.55367867867868
-12.357357357357355, 21.441441441441437
-12.292292292292291, 21.329204204204203
-12.227227227227225, 21.216966966966964
-12.162162162162161, 21.10472972972973
-12.097097097097095, 20.992492492492488
-12.032032032032031, 20.880255255255257
-11.966966966966964, 20.768018018018015
-11.901901901901901, 20.65578078078078
-11.836836836836834, 20.543543543543542
-11.771771771771771, 20.431306306306308
-11.706706706706704, 20.319069069069066
-11.641641641641641, 20.20683183183183
-11.576576576576574, 20.094594594594593
-11.511511511511511, 19.98235735735736
-11.446446446446444, 19.870120120120117
-11.381381381381381, 19.757882882882882
-11.316316316316314, 19.645645645645644
-11.25125125125125, 19.53340840840841
-11.186186186186184, 19.421171171171167
-11.12112112112112, 19.308933933933936
-11.056056056056054, 19.196696696696694
-10.99099099099099, 19.073873873873875
-10.925925925925924, 18.88518518518518
-10.86086086086086, 18.696496496496497
-10.795795795795794, 18.507807807807804
-10.73073073073073, 18.31911911911912
-10.665665665665664, 18.130430430430426
-10.6006006006006, 17.94174174174174
-10.535535535535534, 17.753053053053048
-10.47047047047047, 17.564364364364366
-10.405405405405403, 17.37567567567567
-10.34034034034034, 17.186986986986987
-10.275275275275273, 16.998298298298295
-10.21021021021021, 16.80960960960961
-10.145145145145143, 16.620920920920916
-10.08008008008008, 16.43223223223223
-10.015015015015013, 16.243543543543538
-9.949949949949946, 16.054854854854845
-9.884884884884883, 15.86616616616616
-9.819819819819816, 15.677477477477467
-9.754754754754753, 15.488788788788783
-9.689689689689686, 15.30010010010009
-9.624624624624623, 15.111411411411407
-9.559559559559556, 14.922722722722712
-9.494494494494493, 14.73403403403403
-9.429429429429426, 14.545345345345336
-9.364364364364363, 14.356656656656652
-9.299299299299296, 14.167967967967959
-9.234234234234233, 13.979279279279275
-9.169169169169166, 13.790590590590583
-9.104104104104103, 13.601901901901899
-9.039039039039036, 13.413213213213204
-8.973973973973973, 13.262262262262261
-8.908908908908906, 13.167917917917913
-8.843843843843842, 13.073573573573572
-8.778778778778776, 12.979229229229226
-8.713713713713712, 12.884884884884883
-8.648648648648646, 12.790540540540537
-8.583583583583582, 12.696196196196196
-8.518518518518515, 12.601851851851848
-8.453453453453452, 12.507507507507507
-8.388388388388385, 12.41316316316316
-8.323323323323322, 12.318818818818817
-8.258258258258255, 12.224474474474471
-8.193193193193192, 12.130130130130128
-8.128128128128125, 12.035785785785782
-8.063063063063062, 11.941441441441441
-7.997997997997995, 11.847097097097093
-7.932932932932932, 11.752752752752752
-7.867867867867865, 11.658408408408405
-7.802802802802802, 11.564064064064063
-7.737737737737735, 11.469719719719716
-7.672672672672672, 11.375375375375375
-7.607607607607605, 11.281031031031027
-7.542542542542542, 11.186686686686686
-7.477477477477475, 11.092342342342338
-7.4124124124124116, 10.997997997997997
-7.347347347347345, 10.90365365365365
-7.2822822822822815, 10.80930930930931
-7.217217217217215, 10.714964964964961
-7.152152152152151, 10.62062062062062
-7.087087087087085, 10.526276276276274
-7.022022022022021, 10.431931931931931
-6.9569569569569545, 10.297772772772767
-6.891891891891891, 10.143243243243242
-6.826826826826824, 9.988713713713707
-6.761761761761761, 9.834184184184183
-6.696696696696694, 9.67965465465465
-6.631631631631631, 9.525125125125124
-6.566566566566564, 9.37059559559559
-6.501501501501501, 9.216066066066066
-6.436436436436434, 9.061536536536531
-6.371371371371371, 8.907007007007007
-6.306306306306304, 8.752477477477473
-6.241241241241241, 8.597947947947947
-6.176176176176174, 8.443418418418414
-6.111111111111111, 8.288888888888888
-6.046046046046044, 8.134359359359355
-5.980980980980981, 7.979829829829829
-5.915915915915914, 7.825300300300295
-5.850850850850847, 7.670770770770762
-5.785785785785784, 7.516241241241237
-5.720720720720717, 7.361711711711703
-5.655655655655654, 7.207182182182178
-5.590590590590587, 7.052652652652644
-5.525525525525524, 6.898123123123119
-5.460460460460457, 6.743593593593586
-5.3953953953953935, 6.589064064064059
-5.330330330330327, 6.434534534534526
-5.265265265265263, 6.280005005005001
-5.200200200200197, 6.125475475475467
-5.135135135135133, 5.970945945945942
-5.0700700700700665, 5.816416416416408
-5.005005005005003, 5.661886886886883
-4.939939939939936, 5.603453453453451
-4.874874874874873, 5.553028028028027
-4.809809809809806, 5.5026026026026
-4.744744744744743, 5.452177177177176
-4.679679679679676, 5.40175175175175
-4.614614614614613, 5.351326326326325
-4.549549549549546, 5.300900900900898
-4.484484484484483, 5.250475475475475
-4.419419419419416, 5.200050050050048
-4.354354354354353, 5.149624624624623
-4.289289289289286, 5.099199199199196
-4.224224224224223, 5.048773773773773
-4.159159159159156, 4.998348348348346
-4.094094094094093, 4.947922922922922
-4.029029029029026, 4.897497497497495
-3.9639639639639626, 4.847072072072071
-3.8988988988988957, 4.796646646646645
-3.8338338338338325, 4.74622122122122
-3.7687687687687657, 4.695795795795793
-3.7037037037037024, 4.645370370370369
-3.6386386386386356, 4.594944944944943
-3.5735735735735723, 4.544519519519518
-3.5085085085085055, 4.494094094094091
-3.443443443443442, 4.443668668668668
-3.3783783783783754, 4.393243243243241
-3.313313313313312, 4.342817817817817
-3.2482482482482453, 4.29239239239239
-3.183183183183182, 4.241966966966966
-3.1181181181181152, 4.191541541541539
-3.053053053053052, 4.141116116116115
-2.987987987987985, 4.075375375375369
-2.922922922922922, 3.9419919919919897
-2.8578578578578586, 3.8086086086086097
-2.7927927927927882, 3.6752252252252156
-2.727727727727725, 3.541841841841836
-2.6626626626626617, 3.408458458458456
-2.5975975975975985, 3.2750750750750766
-2.532532532532528, 3.1416916916916824
-2.467467467467465, 3.008308308308303
-2.4024024024024015, 2.874924924924923
-2.3373373373373383, 2.741541541541543
-2.272272272272268, 2.608158158158149
-2.2072072072072046, 2.4747747747747693
-2.1421421421421414, 2.3413913913913893
-2.077077077077078, 2.20800800800801
-2.0120120120120077, 2.0746246246246156
-1.9469469469469445, 1.941241241241236
-1.8818818818818812, 1.8078578578578561
-1.816816816816818, 1.6744744744744766
-1.7517517517517476, 1.5410910910910824
-1.6866866866866843, 1.407707707707703
-1.621621621621621, 1.274324324324323
-1.5565565565565507, 1.1409409409409288
-1.4914914914914874, 1.0075575575575493
-1.4264264264264241, 0.8741741741741693
-1.3613613613613609, 0.7407907907907898
-1.2962962962962905, 0.6074074074073956
-1.2312312312312272, 0.47402402402401567
-1.166166166166164, 0.34064064064063615
-1.1011011011011007, 0.20725725725725663
-1.0360360360360303, 0.07387387387386202
-0.9709709709709671, -0.1161161161161317
-0.9059059059059038, -0.37637637637638477
-0.8408408408408405, -0.6366366366366378
-0.7757757757757702, -0.8968968968969193
-0.7107107107107069, -1.1571571571571724
-0.6456456456456436, -1.4174174174174254
-0.5805805805805804, -1.6776776776776785
-0.51551551551551, -1.93793793793796
-0.45045045045044674, -2.198198198198213
-0.38538538538538347, -2.458458458458466
-0.3203203203203202, -2.718718718718719
-0.25525525525524984, -2.9789789789790007
-0.19019019019018657, -3.2392392392392537
-0.1251251251251233, -3.499499499499507
-0.06006006006006004, -3.75975975975976
0.005005005005010332, -3.9959959959959916
0.0700700700700736, -3.943943943943941
0.13513513513513686, -3.8918918918918903
0.20020020020020013, -3.83983983983984
0.2652652652652705, -3.7877877877877837
0.33033033033033377, -3.735735735735733
0.39539539539539703, -3.6836836836836824
0.4604604604604603, -3.631631631631632
0.5255255255255307, -3.5795795795795757
0.5905905905905939, -3.527527527527525
0.6556556556556572, -3.4754754754754744
0.7207207207207205, -3.423423423423424
0.7857857857857908, -3.3713713713713673
0.8508508508508541, -3.319319319319317
0.9159159159159174, -3.2672672672672665
0.9809809809809806, -3.2152152152152156
1.046046046046051, -3.273673673673682
1.1111111111111143, -3.377777777777783
1.1761761761761775, -3.4818818818818844
1.2412412412412408, -3.5859859859859853
1.3063063063063112, -3.690090090090098
1.3713713713713744, -3.7941941941941995
1.4364364364364377, -3.8982982982983003
1.501501501501501, -4.002402402402402
1.5665665665665713, -4.1065065065065145
1.6316316316316346, -4.210610610610615
1.6966966966966979, -4.314714714714717
1.7617617617617611, -4.418818818818818
1.8268268268268315, -4.52292292292293
1.8918918918918948, -4.627027027027032
1.956956956956958, -4.731131131131133
2.0220220220220213, -4.835235235235235
2.0870870870870917, -4.939339339339347
2.152152152152155, -5.043443443443448
2.217217217217218, -5.14754754754755
2.2822822822822815, -5.251651651651651
2.347347347347352, -5.355755755755763
2.412412412412415, -5.459859859859865
2.4774774774774784, -5.563963963963966
2.5425425425425487, -5.668068068068078
2.607607607607612, -5.77217217217218
2.6726726726726753, -5.876276276276281
2.7377377377377385, -5.980380380380382
2.802802802802809, -6.084484484484495
2.867867867867872, -6.188588588588596
2.9329329329329354, -6.292692692692697
2.9979979979979987, -6.3967967967967985
3.063063063063069, -6.600225225225245
3.1281281281281323, -6.80680680680682
3.1931931931931956, -7.013388388388396
3.258258258258259, -7.219969969969972
3.3233233233233292, -7.4265515515515705
3.3883883883883925, -7.633133133133146
3.453453453453456, -7.839714714714722
3.518518518518519, -8.046296296296298
3.5835835835835894, -8.252877877877896
3.6486486486486527, -8.459459459459472
3.713713713713716, -8.666041041041048
3.778778778778779, -8.872622622622625
3.8438438438438496, -9.079204204204222
3.908908908908913, -9.285785785785798
3.973973973973976, -9.492367367367375
4.039039039039039, -9.69894894894895
4.10410410410411, -9.905530530530548
4.169169169169173, -10.112112112112126
4.234234234234236, -10.3186936936937
4.2992992992992995, -10.525275275275277
4.36436436436437, -10.731856856856876
4.429429429429433, -10.93843843843845
4.4944944944944965, -11.145020020020027
4.55955955955956, -11.351601601601601
4.62462462462463, -11.5581831831832
4.689689689689693, -11.764764764764777
4.754754754754757, -11.971346346346351
4.81981981981982, -12.177927927927929
4.88488488488489, -12.384509509509527
4.9499499499499535, -12.591091091091101
5.015015015015017, -12.763888888888891
5.08008008008008, -12.824074074074074
5.14514514514515, -12.884259259259265
5.210210210210214, -12.944444444444448
5.275275275275277, -13.004629629629632
5.34034034034034, -13.064814814814815
5.405405405405411, -13.125000000000005
5.470470470470474, -13.185185185185189
5.535535535535537, -13.245370370370372
5.6006006006006, -13.305555555555555
5.665665665665671, -13.365740740740746
5.730730730730734, -13.42592592592593
5.795795795795797, -13.486111111111112
5.8608608608608606, -13.546296296296296
5.925925925925931, -13.606481481481486
5.990990990990994, -13.66666666666667
6.0560560560560575, -13.726851851851853
6.121121121121121, -13.787037037037036
6.186186186186191, -13.847222222222227
6.251251251251254, -13.90740740740741
6.316316316316318, -13.967592592592593
6.381381381381381, -14.027777777777777
6.446446446446451, -14.087962962962967
6.5115115115115145, -14.14814814814815
6.576576576576578, -14.208333333333334
6.641641641641641, -14.268518518518517
6.706706706706711, -14.328703703703708
6.771771771771775, -14.388888888888891
6.836836836836838, -14.449074074074074
6.901901901901908, -14.509259259259265
6.966966966966972, -14.569444444444448
7.032032032032035, -14.668868868868875
7.097097097097098, -14.80875875875876
7.1621621621621685, -14.948648648648662
7.227227227227232, -15.088538538538549
7.292292292292295, -15.228428428428433
7.357357357357358, -15.36831831831832
7.422422422422429, -15.50820820820822
7.487487487487492, -15.648098098098107
7.552552552552555, -15.787987987987993
7.6176176176176185, -15.92787787787788
7.682682682682689, -16.06776776776778
7.747747747747752, -16.207657657657666
7.812812812812815, -16.347547547547553
7.877877877877879, -16.48743743743744
7.942942942942949, -16.62732732732734
8.008008008008012, -16.767217217217226
8.073073073073076, -16.907107107107112
8.138138138138139, -17.046996996997
8.20320320320321, -17.1868868868869
8.268268268268272, -17.326776776776786
8.333333333333336, -17.466666666666672
8.398398398398399, -17.606556556556555
8.46346346346347, -17.74644644644646
8.528528528528533, -17.886336336336345
8.593593593593596, -18.02622622622623
8.65865865865866, -18.166116116116115
8.72372372372373, -18.306006006006015
8.788788788788793, -18.4458958958959
8.853853853853856, -18.585785785785788
8.91891891891892, -18.725675675675674
8.98398398398399, -18.865565565565575
9.049049049049053, -19.184484484484507
9.114114114114116, -19.56186186186187
9.17917917917918, -19.93923923923924
9.24424424424425, -20.31661661661665
9.309309309309313, -20.693993993994013
9.374374374374376, -21.07137137137138
9.43943943943944, -21.44874874874875
9.50450450450451, -21.826126126126155
9.569569569569573, -22.203503503503523
9.634634634634637, -22.58088088088089
9.6996996996997, -22.958258258258258
9.76476476476477, -23.335635635635665
9.829829829829833, -23.713013013013033
9.894894894894897, -24.0903903903904
9.95995995995996, -24.467767767767768
10.02502502502503, -24.687487487487484
10.090090090090094, -24.654954954954952
10.155155155155157, -24.62242242242242
10.22022022022022, -24.58988988988989
10.28528528528529, -24.557357357357354
10.350350350350354, -24.524824824824822
10.415415415415417, -24.49229229229229
10.48048048048048, -24.45975975975976
10.54554554554555, -24.427227227227224
10.610610610610614, -24.394694694694692
10.675675675675677, -24.36216216216216
10.74074074074074, -24.32962962962963
10.80580580580581, -24.297097097097094
10.870870870870874, -24.264564564564562
10.935935935935937, -24.23203203203203
11.001001001001008, -24.20280280280282
11.066066066066071, -24.384984984985
11.131131131131134, -24.567167167167174
11.196196196196198, -24.74934934934935
11.261261261261268, -24.93153153153155
11.326326326326331, -25.113713713713725
11.391391391391394, -25.295895895895903
11.456456456456458, -25.47807807807808
11.521521521521528, -25.660260260260277
11.586586586586591, -25.842442442442454
11.651651651651655, -26.024624624624632
11.716716716716718, -26.20680680680681
11.781781781781788, -26.388988988989006
11.846846846846852, -26.571171171171184
11.911911911911915, -26.75335335335336
11.976976976976978, -26.935535535535536
12.042042042042048, -27.117717717717735
12.107107107107112, -27.299899899899913
12.172172172172175, -27.482082082082087
12.237237237237238, -27.664264264264265
12.302302302302309, -27.846446446446464
12.367367367367372, -28.02862862862864
12.432432432432435, -28.210810810810816
12.497497497497498, -28.392992992992994
12.562562562562569, -28.57517517517519
12.627627627627632, -28.757357357357368
12.692692692692695, -28.939539539539545
12.757757757757759, -29.121721721721723
12.822822822822829, -29.30390390390392
12.887887887887892, -29.486086086086097
12.952952952952955, -29.668268268268275
13.018018018018019, -29.850450450450452
13.083083083083089, -30.032632632632648
13.148148148148152, -30.214814814814826
13.213213213213216, -30.396996996997004
13.278278278278279, -30.579179179179178
13.34334334334335, -30.761361361361377
13.408408408408413, -30.943543543543555
13.473473473473476, -31.12572572572573
13.538538538538539, -31.307907907907907
13.60360360360361, -31.490090090090106
13.668668668668673, -31.67227227227228
13.733733733733736, -31.85445445445446
13.7987987987988, -32.036636636636636
13.86386386386387, -32.21881881881883
13.928928928928933, -32.40100100100101
13.993993993993996, -32.58318318318319
14.05905905905906, -32.76536536536537
14.12412412412413, -32.94754754754756
14.189189189189193, -33.12972972972974
14.254254254254256, -33.31191191191192
14.31931931931932, -33.494094094094095
14.38438438438439, -33.67627627627629
14.449449449449453, -33.85845845845847
14.514514514514516, -34.040640640640646
14.57957957957958, -34.22282282282282
14.64464464464465, -34.40500500500502
14.709709709709713, -34.5871871871872
14.774774774774777, -34.76936936936937
14.83983983983984, -34.951551551551546
14.90490490490491, -35.13373373373375
14.969969969969974, -35.31591591591592
15.035035035035037, -35.46026026026026
15.100100100100107, -35.57217217217218
15.16516516516517, -35.68408408408409
15.230230230230234, -35.795995995996
15.295295295295297, -35.90790790790791
15.360360360360367, -36.01981981981983
15.42542542542543, -36.13173173173174
15.490490490490494, -36.24364364364365
15.555555555555557, -36.355555555555554
15.620620620620628, -36.46746746746748
15.68568568568569, -36.57937937937939
15.750750750750754, -36.69129129129129
15.815815815815817, -36.8032032032032
15.880880880880888, -36.91511511511513
15.945945945945951, -37.02702702702703
16.011011011011014, -37.13893893893894
16.076076076076077, -37.25085085085085
16.141141141141148, -37.36276276276277
16.20620620620621, -37.47467467467468
16.271271271271274, -37.58658658658659
16.336336336336338, -37.6984984984985
16.401401401401408, -37.81041041041042
16.46646646646647, -37.92232232232233
16.531531531531535, -38.03423423423424
16.596596596596598, -38.146146146146144
16.661661661661668, -38.25805805805807
16.72672672672673, -38.36996996996998
16.791791791791795, -38.48188188188188
16.856856856856858, -38.59379379379379
16.92192192192193, -38.70570570570572
16.98698698698699, -38.81761761761762
17.052052052052055, -38.92952952952953
17.117117117117118, -39.04144144144144
17.18218218218219, -39.15335335335336
17.247247247247252, -39.26526526526527
17.312312312312315, -39.37717717717718
17.37737737737738, -39.48908908908909
17.44244244244245, -39.60100100100101
17.507507507507512, -39.71291291291292
17.572572572572575, -39.82482482482483
17.63763763763764, -39.936736736736734
17.70270270270271, -40.04864864864866
17.767767767767772, -40.16056056056057
17.832832832832835, -40.27247247247247
17.8978978978979, -40.38438438438438
17.96296296296297, -40.49629629629631
18.028028028028032, -40.60820820820821
18.093093093093096, -40.72012012012012
18.15815815815816, -40.83203203203203
18.22322322322323, -40.94394394394395
18.288288288288292, -41.05585585585586
18.353353353353356, -41.16776776776777
18.41841841841842, -41.27967967967968
18.48348348348349, -41.3915915915916
18.548548548548553, -41.50350350350351
18.613613613613616, -41.61541541541542
18.67867867867868, -41.72732732732733
18.74374374374375, -41.83923923923925
18.808808808808813, -41.95115115115116
18.873873873873876, -42.06306306306307
18.93893893893894, -42.17497497497497
19.00400400400401, -42.2868868868869
19.069069069069073, -42.39879879879881
19.134134134134136, -42.51071071071071
19.199199199199207, -42.622622622622636
19.26426426426427, -42.734534534534546
19.329329329329333, -42.84644644644645
19.394394394394396, -42.95835835835836
19.459459459459467, -43.070270270270285
19.52452452452453, -43.18218218218219
19.589589589589593, -43.2940940940941
19.654654654654657, -43.40600600600601
19.719719719719727, -43.51791791791793
19.78478478478479, -43.62982982982984
19.849849849849853, -43.74174174174175
19.914914914914917, -43.85365365365366
19.979979979979987, -43.965565565565576
20.04504504504505, -44.03423423423424
20.110110110110114, -44.08368368368369
20.175175175175177, -44.133133133133136
20.240240240240247, -44.18258258258259
20.30530530530531, -44.23203203203204
20.370370370370374, -44.281481481481485
20.435435435435437, -44.33093093093093
20.500500500500507, -44.38038038038039
20.56556556556557, -44.429829829829835
20.630630630630634, -44.47927927927928
20.695695695695697, -44.52872872872873
20.760760760760768, -44.578178178178185
20.82582582582583, -44.62762762762763
20.890890890890894, -44.67707707707708
20.955955955955957, -44.72652652652653
21.021021021021028, -44.77597597597598
21.08608608608609, -44.82542542542543
21.151151151151154, -44.87487487487488
21.216216216216218, -44.924324324324324
21.281281281281288, -44.97377377377378
21.34634634634635, -45.023223223223226
21.411411411411414, -45.072672672672674
21.476476476476478, -45.12212212212212
21.541541541541548, -45.171571571571576
21.60660660660661, -45.22102102102102
21.671671671671675, -45.27047047047047
21.736736736736738, -45.31991991991992
21.80180180180181, -45.36936936936937
21.86686686686687, -45.41881881881882
21.931931931931935, -45.46826826826827
21.996996996996998, -45.517717717717716
22.06206206206207, -45.56716716716717
22.12712712712713, -45.61661661661662
22.192192192192195, -45.666066066066065
22.25725725725726, -45.71551551551551
22.32232232232233, -45.76496496496497
22.387387387387392, -45.814414414414415
22.452452452452455, -45.86386386386386
22.51751751751752, -45.91331331331331
22.58258258258259, -45.962762762762765
22.647647647647652, -46.01221221221221
22.712712712712715, -46.06166166166166
22.77777777777778, -46.11111111111111
22.84284284284285, -46.16056056056056
22.907907907907912, -46.21001001001001
22.972972972972975, -46.25945945945946
23.03803803803804, -46.308908908908904
23.10310310310311, -46.35835835835836
23.168168168168172, -46.40780780780781
23.233233233233236, -46.457257257257254
23.298298298298306, -46.50670670670671
23.36336336336337, -46.556156156156156
23.428428428428433, -46.605605605605604
23.493493493493496, -46.65505505505506
23.558558558558566, -46.704504504504506
23.62362362362363, -46.75395395395395
23.688688688688693, -46.80340340340341
23.753753753753756, -46.852852852852855
23.818818818818826, -46.9023023023023
23.88388388388389, -46.95175175175176
23.948948948948953, -47.001201201201205
24.014014014014016, -47.05065065065065
24.079079079079087, -47.10010010010011
24.14414414414415, -47.149549549549555
24.209209209209213, -47.198998998999
24.274274274274276, -47.24844844844845
24.339339339339347, -47.297897897897904
24.40440440440441, -47.34734734734735
24.469469469469473, -47.3967967967968
24.534534534534536, -47.44624624624625
24.599599599599607, -47.4956956956957
24.66466466466467, -47.54514514514515
24.729729729729733, -47.5945945945946
24.794794794794797, -47.644044044044044
24.859859859859867, -47.6934934934935
24.92492492492493, -47.742942942942946
24.989989989989994, -47.792392392392394
25.055055055055057, -47.77247247247247
25.120120120120127, -47.73993993993993
25.18518518518519, -47.7074074074074
25.250250250250254, -47.674874874874874
25.315315315315317, -47.64234234234234
25.380380380380387, -47.6098098098098
25.44544544544545, -47.577277277277275
25.510510510510514, -47.54474474474474
25.575575575575577, -47.512212212212205
25.640640640640648, -47.47967967967968
25.70570570570571, -47.44714714714714
25.770770770770774, -47.41461461461461
25.835835835835837, -47.38208208208208
25.900900900900908, -47.34954954954954
25.96596596596597, -47.31701701701701
26.031031031031034, -47.28448448448448
26.096096096096097, -47.25195195195195
26.161161161161168, -47.21941941941941
26.22622622622623, -47.18688688688688
26.291291291291294, -47.15435435435435
26.356356356356358, -47.12182182182182
26.421421421421428, -47.08928928928928
26.48648648648649, -47.056756756756755
26.551551551551555, -47.02422422422422
26.616616616616618, -46.991691691691685
26.681681681681688, -46.95915915915916
26.74674674674675, -46.92662662662662
26.811811811811815, -46.894094094094086
26.876876876876878, -46.86156156156156
26.94194194194195, -46.82902902902902
27.00700700700701, -46.79649649649649
27.072072072072075, -46.76396396396396
27.137137137137138, -46.73143143143143
27.20220220220221, -46.69889889889889
27.267267267267272, -46.66636636636636
27.332332332332335, -46.63383383383383
27.3973973973974, -46.6013013013013
27.46246246246247, -46.56876876876876
27.527527527527532, -46.536236236236235
27.592592592592595, -46.5037037037037
27.657657657657666, -46.471171171171164
27.72272272272273, -46.438638638638636
27.787787787787792, -46.4061061061061
27.852852852852855, -46.373573573573566
27.917917917917926, -46.34104104104104
27.98298298298299, -46.3085085085085
28.048048048048052, -46.27597597597597
28.113113113113116, -46.24344344344344
28.178178178178186, -46.210910910910904
28.24324324324325, -46.17837837837837
28.308308308308312, -46.14584584584584
28.373373373373376, -46.11331331331331
28.438438438438446, -46.08078078078077
28.50350350350351, -46.04824824824824
28.568568568568573, -46.015715715715714
28.633633633633636, -45.98318318318318
28.698698698698706, -45.950650650650644
28.76376376376377, -45.918118118118116
28.828828828828833, -45.88558558558558
28.893893893893896, -45.853053053053046
28.958958958958966, -45.82052052052052
29.02402402402403, -45.78798798798798
29.0890890890891, -45.75545545545545
29.154154154154156, -45.72292292292292
29.219219219219227, -45.690390390390384
29.284284284284283, -45.657857857857856
29.349349349349353, -45.62532532532532
29.414414414414424, -45.592792792792785
29.47947947947948, -45.56026026026026
29.54454454454455, -45.52772772772772
29.60960960960962, -45.49519519519519
29.674674674674677, -45.46266266266266
29.739739739739747, -45.430130130130124
29.804804804804803, -45.397597597597596
29.869869869869873, -45.36506506506506
29.934934934934944, -45.332532532532525
30.0, -45.3
